,Nodes,Times,Moves,Winner
0,229,0.63,36,Black
1,225,0.59,34,Black
2,258,0.76,44,Black
3,217,0.58,33,White
4,206,0.48,27,White
5,169,0.42,24,Black
6,273,0.72,41,White
7,187,0.46,26,Black
8,223,0.6,34,Black
9,163,0.41,23,White
10,283,0.7,40,Black
11,205,0.58,33,White
12,168,0.4,23,White
13,175,0.45,25,White
14,289,0.7,40,Black
15,179,0.43,24,Black
16,192,0.58,33,White
17,197,0.57,32,Black
18,234,0.6,34,Black
19,176,0.46,26,Black
20,204,0.53,30,Black
21,172,0.43,24,Black
22,289,0.78,45,White
23,197,0.48,27,White
24,292,0.7,40,Black
25,369,0.97,56,Black
26,171,0.43,24,Black
27,269,0.66,38,Black
28,206,0.47,27,White
29,251,0.71,41,White
30,196,0.52,30,Black
31,373,1.0,58,Black
32,330,0.84,49,White
33,174,0.44,25,White
34,270,0.71,41,White
35,257,0.66,38,Black
36,220,0.56,32,Black
37,217,0.6,34,Black
38,364,0.89,51,White
39,211,0.58,33,White
40,197,0.5,28,Black
41,173,0.43,24,Black
42,265,0.68,39,White
43,205,0.6,34,Black
44,483,1.22,71,White
45,225,0.58,33,White
46,294,0.8,46,Black
47,248,0.63,36,Black
48,272,0.7,40,Black
49,205,0.48,27,White
