,Nodes,Times,Moves,Winner
0,49530,20.57,42,Black
1,43877,19.2,34,Black
2,41196,17.37,42,Black
3,39447,16.49,34,Black
4,68078,23.71,78,Black
5,43564,17.8,42,Black
6,46022,19.54,42,Black
7,36446,16.04,30,Black
8,42932,18.23,40,Black
9,39293,17.35,40,Black
10,41679,17.44,54,Black
11,42583,17.32,48,Black
12,51679,19.87,40,Black
13,42714,18.81,51,White
14,38541,15.76,46,Black
15,32843,14.7,38,Black
16,39016,17.0,46,Black
17,56027,24.57,50,Black
18,40165,17.74,48,Black
19,41145,17.77,46,Black
20,35919,16.29,38,Black
21,43870,18.62,38,Black
22,31458,13.58,34,Black
23,52368,21.48,40,Black
24,34461,14.77,42,Black
25,39146,16.93,40,Black
26,37047,15.92,36,Black
27,36819,15.92,54,Black
28,40288,16.91,32,Black
29,42320,17.98,42,Black
30,41173,17.57,44,Black
31,36629,16.83,36,Black
32,43360,18.04,36,Black
33,43431,18.52,44,Black
34,34471,14.71,48,Black
35,46073,19.81,34,Black
36,40294,17.4,48,Black
37,35721,15.3,36,Black
38,42715,18.18,36,Black
39,32866,13.6,30,Black
40,49280,20.71,40,Black
41,40926,17.17,48,Black
42,33768,14.74,30,Black
43,36617,15.26,36,Black
44,40478,16.84,48,Black
45,43320,17.91,36,Black
46,43497,17.4,56,Black
47,56312,22.9,76,Black
48,49760,21.09,44,Black
49,42708,16.89,44,Black
