,Nodes,Times,Moves,Winner
0,1407,1.12,53,White
1,1613,1.28,66,Black
2,1608,1.22,60,Black
3,1608,1.22,57,White
4,1244,0.93,44,Black
5,1696,1.26,60,Black
6,1588,1.24,63,White
7,1310,1.02,50,Black
8,1041,0.77,36,Black
9,1411,1.01,45,White
10,1259,0.99,47,White
11,1360,1.07,51,White
12,1735,1.41,72,Black
13,1381,1.05,49,White
14,1627,1.21,56,Black
15,1840,1.15,52,Black
16,1465,1.04,46,Black
17,1451,1.11,53,White
18,1205,0.96,44,Black
19,1629,1.23,57,White
20,1562,1.25,63,White
21,1523,1.14,50,Black
22,1258,0.97,47,White
23,1256,1.01,49,White
24,1446,1.13,54,Black
25,1245,0.92,42,Black
26,1284,1.1,55,White
27,1580,1.03,46,Black
28,1285,1.0,47,White
29,1337,0.97,44,Black
30,1218,0.98,47,White
31,1185,0.93,42,Black
32,1570,1.21,60,Black
33,1506,1.14,56,Black
34,1249,0.97,44,Black
35,2105,1.43,74,Black
36,1242,0.96,44,Black
37,1371,1.05,51,White
38,1837,1.39,66,Black
39,1192,1.0,49,White
40,1369,1.06,48,Black
41,1611,1.27,61,White
42,1585,1.25,62,Black
43,1739,1.32,66,Black
44,1256,0.97,45,White
45,1255,1.14,56,Black
46,1798,1.41,71,White
47,1126,0.86,38,Black
48,1328,0.99,48,Black
49,1325,1.03,48,Black
