,Nodes,Times,Moves,Winner
0,1544,1.25,59,White
1,1563,1.3,63,White
2,1075,0.81,35,White
3,1527,1.23,60,Black
4,2159,1.51,75,White
5,1277,0.93,42,Black
6,1491,1.13,55,White
7,1681,1.32,66,Black
8,1713,1.33,66,Black
9,1898,1.35,66,Black
10,1470,1.13,52,Black
11,1820,1.39,67,White
12,1394,1.13,55,White
13,1542,1.21,58,Black
14,1709,1.33,64,Black
15,1415,0.95,42,Black
16,1855,1.58,73,White
17,1460,1.07,50,Black
18,1651,1.28,64,Black
19,1659,1.23,60,Black
20,1410,1.12,55,White
21,1397,1.02,45,White
22,1622,1.22,58,Black
23,1194,1.15,49,White
24,1471,1.01,48,Black
25,1355,1.01,48,Black
26,1092,0.89,44,Black
27,1303,1.11,55,White
28,1222,0.92,42,Black
29,1840,1.36,66,Black
30,1260,0.91,42,Black
31,2597,1.42,70,Black
32,1374,0.98,46,Black
33,1349,1.07,52,Black
34,1425,1.11,55,White
35,1930,1.29,60,Black
36,1624,1.11,52,Black
37,1238,0.99,50,Black
38,1648,1.39,68,Black
39,1398,1.09,53,White
40,1258,0.97,43,White
41,1659,1.42,72,Black
42,1118,0.79,34,Black
43,2128,1.27,60,Black
44,1339,1.03,50,Black
45,1712,1.25,57,White
46,1545,1.21,62,Black
47,1395,1.12,57,White
48,1068,0.82,38,Black
49,1507,1.13,56,Black
