,Nodes,Times,Moves,Winner
0,223,0.61,35,White
1,226,0.6,34,Black
2,223,0.6,34,Black
3,293,0.77,44,Black
4,170,0.43,24,Black
5,283,0.73,42,Black
6,192,0.48,27,White
7,205,0.53,30,Black
8,245,0.65,37,White
9,296,0.79,46,Black
10,207,0.48,27,White
11,190,0.53,30,Black
12,223,0.63,36,Black
13,200,0.46,26,Black
14,236,0.67,38,Black
15,176,0.43,24,Black
16,262,0.78,45,White
17,190,0.55,31,White
18,433,1.21,70,Black
19,252,0.66,38,Black
20,203,0.58,33,White
21,190,0.48,27,White
22,205,0.5,28,Black
23,250,0.6,34,Black
24,216,0.6,34,Black
25,225,0.59,34,Black
26,258,0.7,40,Black
27,269,0.7,40,Black
28,231,0.63,36,Black
29,248,0.66,38,Black
30,178,0.41,23,White
31,278,0.66,38,Black
32,280,0.73,42,Black
33,261,0.68,39,White
34,241,0.68,39,White
35,200,0.56,32,Black
36,192,0.53,30,Black
37,270,0.71,40,Black
38,171,0.43,24,Black
39,264,0.68,39,White
40,191,0.52,29,White
41,228,0.6,34,Black
42,214,0.52,30,Black
43,219,0.6,34,Black
44,233,0.65,37,White
45,179,0.41,23,White
46,235,0.65,37,White
47,244,0.58,33,White
48,177,0.43,24,Black
49,297,0.83,48,Black
