,Nodes,Times,Moves,Winner
0,1949,1.55,79,White
1,1395,1.11,53,White
2,1015,0.78,35,White
3,1472,1.19,59,White
4,1620,1.3,66,Black
5,1634,1.21,55,White
6,1756,1.49,76,Black
7,1511,1.2,57,White
8,1242,0.94,44,Black
9,2370,1.69,88,Black
10,1448,1.14,56,Black
11,1013,0.76,34,Black
12,1320,1.06,51,White
13,1287,1.05,53,White
14,1221,1.03,50,Black
15,1531,1.18,57,White
16,1430,0.99,45,White
17,1312,1.12,55,White
18,2125,1.52,76,Black
19,1819,1.37,68,Black
20,1111,0.93,46,Black
21,1455,1.0,46,Black
22,1740,1.24,61,White
23,1492,1.18,58,Black
24,1244,1.02,49,White
25,1136,0.92,45,White
26,1689,1.18,54,Black
27,1947,1.4,70,Black
28,1300,1.02,50,Black
29,1196,0.97,46,Black
30,1604,1.23,61,White
31,1405,1.08,52,Black
32,1763,1.36,68,Black
33,1989,1.53,78,Black
34,1413,1.1,53,White
35,1262,0.94,44,Black
36,1321,1.05,49,White
37,1632,1.35,63,White
38,1231,1.0,50,Black
39,1239,0.87,36,Black
40,1528,1.27,63,White
41,1592,1.34,69,White
42,1142,0.85,42,Black
43,1567,1.03,48,Black
44,1327,1.12,55,White
45,1501,1.25,61,White
46,982,0.75,34,Black
47,1208,1.04,51,White
48,1050,0.8,35,White
49,1536,1.21,60,Black
