,Nodes,Times,Moves,Winner
0,209,1.9,30,Black
1,229,0.6,34,Black
2,329,0.89,50,Black
3,214,0.57,32,Black
4,312,0.87,50,Black
5,264,0.68,39,White
6,280,0.68,39,White
7,195,0.48,27,White
8,241,0.65,37,White
9,314,0.8,46,Black
10,329,0.83,48,Black
11,213,0.53,30,Black
12,196,0.46,26,Black
13,190,0.51,29,White
14,196,0.46,26,Black
15,167,0.45,25,White
16,195,0.46,26,Black
17,279,0.75,43,White
18,205,0.52,30,Black
19,194,0.53,30,Black
20,187,0.53,30,Black
21,186,0.46,26,Black
22,231,0.65,37,White
23,179,0.44,25,White
24,276,0.77,44,Black
25,168,0.43,24,Black
26,259,0.68,39,White
27,175,0.46,26,Black
28,279,0.77,44,Black
29,257,0.7,40,Black
30,231,0.68,39,White
31,218,0.64,36,Black
32,255,0.7,40,Black
33,261,0.67,38,Black
34,345,0.93,54,Black
35,213,0.53,30,Black
36,241,0.68,39,White
37,266,0.69,40,Black
38,276,0.8,46,Black
39,254,0.64,37,White
40,221,0.59,34,Black
41,313,0.9,52,Black
42,231,0.65,37,White
43,271,0.75,43,White
44,244,0.7,40,Black
45,227,0.68,39,White
46,214,0.57,32,Black
47,195,0.56,32,Black
48,267,0.7,40,Black
49,246,0.66,38,Black
