,Nodes,Times,Moves,Winner
0,1034,1.1,52,Black
1,1003,1.08,51,White
2,1772,1.46,69,White
3,1107,1.09,49,White
4,1243,1.04,42,Black
5,1534,1.29,57,White
6,1311,1.51,78,Black
7,1035,1.1,51,White
8,1304,1.32,67,White
9,916,0.95,43,White
10,1337,1.28,52,Black
11,1023,1.0,39,White
12,1102,1.14,51,White
13,1217,1.22,57,White
14,1319,1.29,60,Black
15,1138,1.08,48,Black
16,934,0.99,46,Black
17,1033,1.07,46,Black
18,1582,1.36,68,Black
19,1417,1.46,73,White
20,1226,1.27,59,White
21,1054,1.06,43,White
22,1127,1.07,44,Black
23,1106,1.17,54,Black
24,864,0.91,40,Black
25,1007,1.09,51,White
26,866,0.99,43,White
27,926,0.93,41,White
28,1385,1.38,71,White
29,1048,1.03,49,White
30,1352,1.41,67,White
31,1318,1.29,67,White
32,928,0.98,46,Black
33,805,0.79,34,Black
34,994,1.06,51,White
35,2041,1.92,96,Black
36,770,0.77,35,White
37,1356,1.47,74,Black
38,907,0.92,42,Black
39,1424,1.25,56,Black
40,1328,1.38,67,White
41,1013,1.11,53,White
42,1381,1.39,69,White
43,1299,1.31,63,White
44,1040,1.04,49,White
45,841,0.85,37,White
46,980,0.92,42,Black
47,1071,1.15,54,Black
48,1166,1.09,49,White
49,1111,0.97,44,Black
