,Nodes,Times,Moves,Winner
0,3624,2.28,46,Black
1,5918,3.57,49,White
2,4694,2.44,65,White
3,6611,3.33,74,Black
4,4344,2.54,51,White
5,3735,2.55,43,White
6,3477,2.81,53,White
7,3398,2.32,30,Black
8,2669,2.04,33,White
9,4986,2.89,42,Black
10,4988,3.13,62,Black
11,5304,3.2,51,White
12,4037,2.36,59,White
13,4102,2.65,40,Black
14,3228,2.08,36,Black
15,7136,3.43,71,White
16,3840,2.39,46,Black
17,3524,2.21,44,Black
18,4416,2.67,53,White
19,4005,2.2,32,Black
20,4172,2.9,49,White
21,3885,2.39,43,White
22,2816,1.84,41,White
23,1974,1.36,25,White
24,4180,2.5,53,White
25,3896,2.28,55,White
26,7333,3.34,75,White
27,4172,2.47,36,Black
28,3527,2.33,35,White
29,3034,1.88,42,Black
30,2314,1.72,43,White
31,2466,1.65,32,Black
32,2823,1.83,38,Black
33,5215,2.26,65,
34,3831,2.14,45,White
35,4392,2.81,45,White
36,4802,2.91,61,White
37,3086,1.93,44,Black
38,4809,2.77,49,White
39,2733,1.86,41,White
40,5967,3.53,66,Black
41,4046,2.79,49,White
42,4802,2.84,46,Black
43,3487,2.42,39,White
44,8216,3.27,77,
45,3682,2.3,50,Black
46,3944,2.37,43,White
47,4319,2.64,49,White
48,7601,3.59,77,White
49,3073,2.05,39,White
