,Nodes,Times,Moves,Winner
0,203,1.91,29,White
1,214,0.6,33,White
2,281,0.81,46,Black
3,207,0.54,30,Black
4,290,0.8,45,White
5,243,0.59,33,White
6,267,0.68,38,Black
7,298,0.81,46,Black
8,212,0.61,34,Black
9,210,0.51,28,Black
10,252,0.57,32,Black
11,264,0.69,39,White
12,260,0.64,36,Black
13,327,0.84,48,Black
14,261,0.61,34,Black
15,159,0.42,23,White
16,279,0.71,40,Black
17,291,0.89,51,White
18,183,0.45,24,Black
19,212,0.54,30,Black
20,305,0.92,52,Black
21,216,0.61,34,Black
22,221,0.56,31,White
23,273,0.73,41,White
24,265,0.69,39,White
25,195,0.58,32,Black
26,250,0.67,38,Black
27,288,0.8,45,White
28,195,0.45,24,Black
29,272,0.78,44,Black
30,235,0.63,35,White
31,189,0.45,24,Black
32,238,0.55,30,Black
33,282,0.71,40,Black
34,261,0.64,36,Black
35,278,0.79,45,White
36,156,0.42,23,White
37,222,0.63,35,White
38,214,0.62,35,White
39,221,0.61,34,Black
40,273,0.75,42,Black
41,268,0.73,41,White
42,261,0.66,37,White
43,191,0.5,28,Black
44,257,0.62,35,White
45,229,0.66,37,White
46,286,0.84,48,Black
47,201,0.48,27,White
48,251,0.64,36,Black
49,280,0.73,42,Black
