,Nodes,Times,Moves,Winner
0,10002,7.52,35,White
1,15463,11.33,38,Black
2,8686,6.4,37,White
3,10631,7.68,47,White
4,24617,11.3,75,
5,14700,9.2,43,White
6,10236,8.16,37,White
7,20792,10.85,75,Black
8,11278,7.62,40,Black
9,9349,7.88,47,White
10,13215,9.36,41,White
11,16660,10.56,48,Black
12,10248,7.19,41,White
13,10903,7.77,38,Black
14,14842,9.99,42,Black
15,12052,8.91,50,Black
16,10598,7.89,40,Black
17,11679,7.83,40,Black
18,16804,8.33,58,Black
19,11306,8.29,35,White
20,8601,6.06,42,Black
21,12900,9.28,45,White
22,8774,6.98,42,Black
23,9692,8.35,35,White
24,11239,7.07,57,White
25,9802,6.86,24,Black
26,10366,7.9,37,White
27,24078,13.51,66,Black
28,15527,10.27,42,Black
29,13007,8.34,39,White
30,8512,6.23,35,White
31,14934,11.22,38,Black
32,12459,9.12,45,White
33,16049,10.49,62,Black
34,9174,7.93,34,Black
35,15141,10.99,41,White
36,9916,7.82,39,White
37,9461,6.48,39,White
38,9933,7.39,39,White
39,7756,5.19,41,White
40,11737,8.81,42,Black
41,12101,8.71,43,White
42,7043,5.4,29,White
43,12859,8.9,54,Black
44,11015,8.02,47,White
45,11362,8.63,33,White
46,11247,6.91,40,Black
47,11607,8.62,39,White
48,11547,8.39,41,White
49,10637,7.75,37,White
