,Nodes,Times,Moves,Winner
0,3632,2.43,39,White
1,5415,2.97,65,White
2,8172,3.41,81,White
3,5085,2.82,62,Black
4,3722,2.44,45,White
5,5258,2.98,57,White
6,3326,2.14,37,White
7,5690,3.04,60,Black
8,3134,2.09,41,White
9,2605,1.62,37,White
10,4951,2.94,50,Black
11,4113,2.66,49,White
12,4164,2.21,51,White
13,2700,1.82,45,White
14,2879,1.73,39,White
15,5043,2.96,53,White
16,4311,2.46,34,Black
17,3633,2.14,40,Black
18,2751,1.75,37,White
19,4951,2.91,57,White
20,3523,2.14,46,Black
21,5546,2.65,64,Black
22,7026,2.96,64,
23,9077,3.87,64,Black
24,2297,1.49,34,Black
25,5770,3.12,68,Black
26,5641,2.95,57,White
27,5027,2.67,65,White
28,2868,1.93,33,White
29,3995,2.47,51,White
30,3381,2.25,39,White
31,4528,2.75,43,White
32,3347,2.21,42,Black
33,4317,2.84,59,White
34,5212,3.02,65,White
35,4913,2.8,61,White
36,3795,2.56,41,White
37,3903,2.45,54,Black
38,3612,2.31,53,White
39,3627,2.28,39,White
40,6908,3.18,67,White
41,6191,3.26,58,Black
42,3172,2.14,35,White
43,4609,2.56,42,Black
44,6093,2.77,74,
45,4775,2.81,43,White
46,6974,3.28,71,White
47,4759,2.86,43,White
48,4696,2.53,34,Black
49,3453,2.23,31,White
