,Nodes,Times,Moves,Winner
0,1165,1.19,60,Black
1,1134,1.18,55,White
2,1646,1.55,82,Black
3,1143,1.12,54,Black
4,1064,1.2,58,Black
5,1584,1.46,74,Black
6,1096,1.25,59,White
7,928,0.88,38,Black
8,1662,1.54,79,White
9,1348,1.16,54,Black
10,1242,1.05,48,Black
11,929,0.98,45,White
12,1019,1.09,50,Black
13,1542,1.46,68,Black
14,1000,1.09,51,White
15,1034,1.14,55,White
16,947,0.93,42,Black
17,950,0.89,40,Black
18,1105,1.13,54,Black
19,1403,1.52,76,Black
20,2317,1.86,97,White
21,884,0.95,45,White
22,1181,1.11,50,Black
23,1101,1.11,49,White
24,1199,1.16,56,Black
25,1138,1.08,50,Black
26,1136,1.08,48,Black
27,1052,1.13,54,Black
28,1663,1.36,66,Black
29,1689,1.54,73,White
30,1212,1.25,58,Black
31,1238,1.23,63,White
32,1205,1.26,62,Black
33,1582,1.48,73,White
34,1413,1.39,66,Black
35,1098,1.07,48,Black
36,1063,1.05,47,White
37,1045,1.05,49,White
38,1098,1.1,50,Black
39,1243,1.13,54,Black
40,1030,1.06,51,White
41,852,0.84,39,White
42,1398,1.25,56,Black
43,920,0.98,45,White
44,1417,1.25,62,Black
45,1211,1.15,57,White
46,1080,1.06,52,Black
47,954,0.97,47,White
48,863,0.79,34,Black
49,1506,1.38,62,Black
