,Nodes,Times,Moves,Winner
0,303,0.83,48,Black
1,201,0.49,28,Black
2,258,0.6,34,Black
3,200,0.51,29,White
4,180,0.42,23,White
5,236,0.65,37,White
6,247,0.69,40,Black
7,206,0.46,26,Black
8,194,0.43,24,Black
9,324,0.86,51,White
10,232,0.56,32,Black
11,248,0.6,34,Black
12,180,0.45,26,Black
13,249,0.68,40,Black
14,235,0.65,37,White
15,243,0.59,35,White
16,326,0.82,49,White
17,198,0.41,24,Black
18,293,0.72,42,Black
19,196,0.45,26,Black
20,269,0.69,40,Black
21,203,0.5,28,Black
22,252,0.57,33,White
23,240,0.6,34,Black
24,206,0.48,28,Black
25,227,0.56,33,White
26,207,0.52,30,Black
27,234,0.57,33,White
28,266,0.68,40,Black
29,230,0.62,37,White
30,230,0.55,32,Black
31,378,0.84,50,Black
32,281,0.73,43,White
33,190,0.46,26,Black
34,260,0.63,37,White
35,289,0.71,40,Black
36,189,0.45,26,Black
37,308,0.76,43,White
38,415,1.02,61,White
39,255,0.63,37,White
40,201,0.46,26,Black
41,268,0.68,40,Black
42,232,0.53,31,White
43,213,0.52,30,Black
44,290,0.72,42,Black
45,318,0.87,51,White
46,291,0.8,47,White
47,264,0.66,39,White
48,270,0.68,40,Black
49,297,0.81,48,Black
