,Nodes,Times,Moves,Winner
0,279,0.7,41,White
1,254,0.61,36,Black
2,454,1.08,64,Black
3,273,0.75,44,Black
4,191,0.48,27,White
5,280,0.77,45,White
6,228,0.54,31,White
7,222,0.54,31,White
8,317,0.77,44,Black
9,430,1.04,60,
10,225,0.53,30,Black
11,230,0.62,36,Black
12,232,0.64,37,White
13,277,0.64,37,White
14,344,0.92,53,White
15,195,0.47,26,Black
16,181,0.45,25,White
17,220,0.61,34,Black
18,243,0.65,37,White
19,278,0.66,38,Black
20,295,0.74,42,Black
21,285,0.7,40,Black
22,280,0.81,47,White
23,204,0.56,32,Black
24,194,0.51,29,White
25,273,0.69,39,White
26,283,0.66,37,White
27,281,0.68,39,White
28,322,0.83,48,Black
29,293,0.74,42,Black
30,320,0.9,52,Black
31,236,0.67,38,Black
32,272,0.75,43,White
33,234,0.65,37,White
34,226,0.58,33,White
35,219,0.55,31,White
36,352,0.92,53,White
37,262,0.67,38,Black
38,225,0.57,32,Black
39,288,0.8,46,Black
40,273,0.72,41,White
41,223,0.63,36,Black
42,344,0.91,52,Black
43,282,0.67,38,Black
44,256,0.65,37,White
45,270,0.75,43,White
46,272,0.67,38,Black
47,225,0.59,33,White
48,282,0.79,45,White
49,227,0.5,28,Black
