,Nodes,Times,Moves,Winner
0,1107,1.11,45,White
1,1243,1.23,56,Black
2,1036,1.03,50,Black
3,1437,1.29,64,Black
4,1045,1.02,46,Black
5,1050,0.98,44,Black
6,920,0.95,45,White
7,1353,1.37,64,Black
8,1785,1.61,79,White
9,951,0.95,41,White
10,942,1.0,44,Black
11,873,0.88,38,Black
12,1538,1.4,71,White
13,935,0.94,42,Black
14,1013,0.93,38,Black
15,1152,1.12,54,Black
16,797,0.84,35,White
17,978,0.98,49,White
18,1660,1.36,68,Black
19,1249,1.27,65,White
20,1217,1.15,54,Black
21,1629,1.55,73,White
22,1325,1.32,63,White
23,950,0.88,41,White
24,1199,1.25,59,White
25,985,1.02,46,Black
26,917,1.08,53,White
27,1025,1.08,45,White
28,1024,1.3,47,White
29,1148,1.04,47,White
30,1044,0.99,47,White
31,1103,1.05,50,Black
32,1311,1.45,72,Black
33,1160,1.1,49,White
34,1064,0.9,38,Black
35,1293,1.08,50,Black
36,973,1.03,50,Black
37,1113,1.19,57,White
38,885,0.91,41,White
39,1069,0.93,38,Black
40,875,0.93,44,Black
41,875,0.88,38,Black
42,979,0.94,38,Black
43,1482,1.38,62,Black
44,1279,1.19,58,Black
45,1330,1.21,55,White
46,1506,1.46,71,White
47,845,0.88,39,White
48,917,0.92,39,White
49,1212,1.25,62,Black
