,Nodes,Times,Moves,Winner
0,3707,2.26,39,White
1,3603,2.45,43,White
2,4266,2.59,40,Black
3,3026,1.99,31,White
4,4577,2.27,46,Black
5,5104,2.99,74,Black
6,4193,2.64,52,Black
7,5243,2.97,72,Black
8,3754,2.46,39,White
9,6550,2.73,69,
10,2956,2.04,39,White
11,2477,1.68,32,Black
12,3703,2.23,38,Black
13,3966,2.53,44,Black
14,4220,2.61,47,White
15,4557,2.89,43,White
16,3429,2.25,39,White
17,3943,2.4,32,Black
18,4646,2.95,37,White
19,4208,2.57,47,White
20,5096,3.1,61,Black
21,3098,1.77,42,Black
22,3224,1.93,50,Black
23,4205,2.36,45,White
24,3993,2.41,46,Black
25,9183,4.18,99,White
26,2910,2.03,53,White
27,6833,3.26,66,Black
28,7193,3.53,69,Black
29,4230,2.47,54,Black
30,4592,2.86,53,White
31,7493,3.7,71,White
32,4741,2.71,56,Black
33,4814,2.83,39,White
34,3895,2.46,41,White
35,8682,3.8,78,Black
36,3989,2.47,53,White
37,4361,2.51,32,Black
38,2963,2.06,31,White
39,5043,2.8,53,White
40,6146,3.05,68,Black
41,2940,2.02,27,White
42,2703,2.02,37,White
43,5049,3.06,43,White
44,6156,3.49,46,Black
45,3096,2.0,39,White
46,6466,3.24,61,
47,4609,2.54,61,White
48,4941,2.96,57,White
49,2766,2.0,37,White
