,Nodes,Times,Moves,Winner
0,13009,8.35,42,Black
1,14739,11.49,43,White
2,12956,8.51,53,White
3,15073,11.19,49,White
4,11465,8.61,35,White
5,6604,4.97,29,White
6,11479,7.72,39,White
7,16013,9.93,59,White
8,16466,11.13,51,White
9,9876,7.32,41,White
10,10116,6.94,51,White
11,17002,11.17,36,Black
12,9911,8.31,35,White
13,12110,7.64,46,Black
14,6845,5.66,39,White
15,5753,5.26,33,White
16,13963,9.34,46,Black
17,12313,9.11,37,White
18,16844,12.64,43,White
19,10810,8.1,33,White
20,13652,11.21,47,White
21,12901,9.5,47,White
22,11803,8.6,37,White
23,10288,8.35,40,Black
24,12712,10.85,30,Black
25,13404,9.8,42,Black
26,13706,9.95,41,White
27,15201,12.02,46,Black
28,9492,7.33,43,White
29,17090,12.85,43,White
30,19331,11.38,48,Black
31,13902,9.37,39,White
32,13268,9.51,43,White
33,17051,10.99,79,White
34,12571,9.2,47,White
35,7725,6.37,27,White
36,8712,8.02,34,Black
37,9506,7.03,35,White
38,6364,5.32,29,White
39,10271,7.61,39,White
40,11165,8.74,33,White
41,9824,8.03,31,White
42,11547,7.65,39,White
43,10103,7.25,42,Black
44,11991,7.7,43,White
45,10665,8.2,41,White
46,21699,12.55,68,White
47,18511,10.67,61,White
48,9246,6.34,45,White
49,10246,6.11,32,Black
